life expectancy

1989 1990 1991 1992 1993 1994 1995 1996 1997 1998 1999 2000 2001 2002 2003 2004 2005 2006 2007 2008 2009 2010 2011 2012
muži 68,1 67,6 68,2 68,5 69,3 69,5 69,7 70,4 70,5 71,1 71,4 71,6 72,1 72,1 72,0 72,5 72,9 73,4 73,7 74,0 74,2 74,4 74,7 75,0
ženy 75,4 75,4 75,7 76,1 76,4 76,6 76,6 77,3 77,5 78,1 78,1 78,3 78,4 78,5 78,5 79,0 79,1 79,7 79,9 80,1 80,1 80,6 80,7 80,9



hamburger index
pocet televizi
pocet masel
pocet dovolenych v jugoslavii
gingiho koeficient (nuzky)










Průměrný věk svobodných ženichů 24,6 24,0 24,7 24,8 25,4 26,1 26,7 27,1 27,6 28,1 28,5 28,9 29,3 29,7 30,3 30,5 30,8 31,0 31,2 31,4 32,0 32,2 32,2 32,3
Průměrný věk svobodných nevěst 21,8 21,4 22,3 22,6 23,2 23,9 24,6 24,9 25,4 25,8 26,2 26,5 26,9 27,3 27,7 28,0 28,1 28,4 28,6 28,8 29,2 29,4 29,6 29,6


Rozvody 31 376 32 055 29 366 28 572 30 227 30 939 31 135 33 113 32 465 32 363 23 657 29 704 31 586 31 758 32 824 33 060 31 288 31 415 31 129 31 300 29 133 30 783 28 113 26 402


Živě narození 128 356 130 564 129 354 121 705 121 025 106 579 96 097 90 446 90 657 90 535 89 471 90 910 90 715 92 786 93 685 97 664 102 211 105 831 114 632 119 570 118 348 117 153 108 673 108 576


Průměrný věk matky při narození dítěte 
24,8 24,8 24,7 24,8 25,0 25,4 25,8 26,1 26,4 26,6 26,9 27,2 27,5 27,8 28,1 28,3 28,6 28,9 29,1 29,3 29,4 29,6 29,7 29,8

Průměrný věk matky při narození 
prvního dítěte 22,5 22,5 22,4 22,5 22,6 22,9 23,3 23,7 24,0 24,4 24,6 24,9 25,3 25,6 25,9 26,3 26,6 26,9 27,1 27,3 27,4 27,6 27,8 27,9



1989 1990 1991 1992 1993 1994 1995 1996 1997 1998 1999 2000 2001 2002 2003 2004 2005 2006 2007 2008 2009 2010 2011


